CC=gcc
CFLAGS=-Wall -Wextra -Werror
SRCS=./ft_printf/*.c ./libft/*.c actions1.c check_args.c
OBJS=${SRCS:.c=.o}
NAME=push_swap
AR=ar -rc

# all:$(SRCS)
# 	$(CC) $(CFLAGS) -c ^$

all:
	gcc main.c actions1.c ./libft/*.c ./ft_printf/*.c sort_3.c sort_5.c && ./a.out 1 4 3 8 -2 7 3 10 11 6

test:
	gcc maint.c actions1.c ./libft/*.c ./ft_printf/*.c sort_3.c sort_5.c -o maint && ./maint 204 2 477 82 69 132 161 235 469 178 293 16 144 205 275 202 37 401 198 201 413 306 315 455 177 187 485 454 225 160 370 243 213 434 28 359 475 123 272 230 318 182 191 166 94 116 135 444 351 147 107 124 52 467 337 31 426 92 439 365 442 338 382 150 81 458 474 437 404 38 312 418 39 367 344 282 214 372 479 241 264 391 430 500 310 468 277 349 55 355 203 320 353 86 408 24 350 223 234 4 221 254 47 440 305 83 109 180 339 10 23 30 433 119 181 322 186 302 342 217 222 183 245 105 20 196 14 100 155 341 65 405 280 126 323 416 452 121 188 400 492 26 327 332 173 287 260 326 357 403 208 352 285 274 369 290 445 131 291 283 56 142 476 118 340 85 216 268 393 229 262 464 388 95 493 215 425 473 478 472 6 211 257 380 106 301 84 421 59 89 133 232 79 267 297 457 176 451 206 313 13 143 5 212 251 66 19 33 443 60 269 164 140 96 138 9 335 153 200 101 331 482 248 154 261 309 127 427 406 456 263 12 324 50 428 233 111 278 311 300 265 295 57 498 90 1 279 189 429 36 415 364 410 169 471 435 220 414 129 289 239 273 152 68 97 490 149 63 22 461 321 78 333 209 325 256 396 25 319 128 446 460 247 450 459 244 167 368 383 224 345 329 378 195 236 179 62 136 271 75 64 172 334 110 266 242 115 250 159 397 185 219 259 292 343 386 363 314 489 384 21 494 207 40 491 495 373 402 54 228 117 409 156 286 392 419 308 190 76 354 226 49 192 431 422 424 438 420 11 141 387 463 134 120 499 356 102 358 252 112 74 385 296 44 307 284 168 210 303 87 276 449 3 93 407 27 227 299 197 218 77 146 441 238 484 42 447 18 253 411 330 99 103 376 237 465 165 377 360 336 394 288 466 348 80 151 174 145 51 423 281 412 72 70 470 453 67 375 46 389 398 137 379 298 488 371 390 487 304 125 91 199 399 362 98 171 61 483 113 361 436 148 175 8 158 316 417 88 48 462 432 41 486 104 139 17 270 7 346 170 328 317 374 43 53 108 395 71 246 193 481 114 258 480 162 130 448 163 497 366 34 347 58 255 29 496 294 122 157 240 249 194 32 73 35 184 381 15 45 231 | wc -l
com:
	gcc main.c $(SRCS)

# all:
# 	$(CC) $(CFLAGS) main.c $(SRCS) -o $(NAME) && ./$(NAME)

